# Maximum daily temperatures for New York City, 2019
# Source: https://www.climate.gov/maps-data/dataset/past-weather-zip-code-data-table
11.7
12.8
3.3
5.6
6.1
7.8
8.9
0.0
5.0
6.7
0.0
-1.7
0.0
0.0
0.0
1.7
2.8
-0.6
1.7
1.7
3.3
-11.1
-2.2
11.7
14.4
2.2
0.0
6.7
-1.1
1.7
-1.7
-9.4
-6.7
0.0
8.9
16.1
16.7
7.2
6.7
11.1
-0.6
0.6
1.7
1.1
2.8
5.6
13.9
5.6
2.2
4.4
0.6
0.0
9.4
5.6
3.9
6.7
3.9
2.2
-1.1
1.7
1.1
5.0
5.0
2.8
-1.1
-3.9
-1.1
2.2
8.9
5.6
10.0
5.0
3.3
14.4
21.7
8.9
6.1
6.1
8.9
11.1
7.2
8.3
7.8
13.9
8.9
8.3
8.9
13.3
13.3
23.3
13.9
6.7
9.4
17.2
13.9
4.4
17.8
20.6
23.3
14.4
13.9
11.1
18.9
23.9
22.8
19.4
17.2
16.7
16.7
25.0
20.6
17.8
17.8
25.0
20.0
18.9
13.3
13.9
10.0
15.6
19.4
12.8
26.7
13.3
22.8
14.4
21.7
23.3
21.7
16.1
23.3
20.6
8.9
7.8
12.2
19.4
22.2
23.3
24.4
28.3
28.3
21.1
23.9
22.8
22.2
21.7
30.0
26.7
21.1
21.7
21.7
26.1
26.7
27.2
21.1
22.2
27.8
28.3
27.2
27.8
26.1
21.1
24.4
23.9
19.4
22.8
26.7
25.6
24.4
23.3
21.1
25.6
25.0
26.1
28.9
28.9
29.4
31.1
31.7
32.2
32.8
28.9
29.4
30.6
30.0
33.3
30.0
32.2
30.6
25.0
30.6
31.1
29.4
30.0
29.4
31.1
30.0
32.2
33.3
25.6
32.2
35.6
35.6
32.2
23.3
28.3
28.9
31.1
31.1
32.2
32.2
33.3
30.6
30.0
29.4
30.6
31.1
28.9
27.8
29.4
29.4
28.3
26.7
26.7
29.4
26.1
27.2
30.0
27.2
31.1
32.8
33.3
32.2
30.0
31.7
23.3
23.3
24.4
23.9
23.9
26.1
26.7
28.9
26.1
25.6
25.6
27.8
29.4
22.8
18.9
23.9
24.4
25.0
25.6
29.4
26.1
20.6
22.8
26.7
24.4
24.4
21.7
21.7
25.0
28.9
29.4
30.6
23.3
24.4
26.1
23.3
27.2
26.1
19.4
25.6
32.2
16.1
16.7
15.0
20.0
22.8
17.8
13.9
21.1
18.3
20.0
17.8
21.1
16.7
17.8
13.3
12.8
16.1
12.2
18.9
15.0
17.8
18.9
18.3
16.1
19.4
19.4
15.0
17.2
22.2
12.2
10.6
12.8
13.9
11.7
10.6
3.3
3.9
9.4
15.6
9.4
4.4
9.4
3.3
4.4
4.4
7.2
11.1
9.4
6.7
6.1
11.1
16.1
13.9
8.9
3.3
5.6
6.7
1.1
1.1
2.2
4.4
7.2
2.2
3.3
11.1
12.2
1.7
1.1
10.0
10.6
7.8
1.1
1.1
0.6
-5.0
-1.1
-0.6
6.1
11.7
8.3
6.1
5.6
10.0
8.9
4.4
4.4
